1790337657 15
1790337662 235
1790337667 617
1790337672 1220
1790337677 1437
1790337682 1567
1790337687 2144
1790337692 2148
1790337697 2676
1790337702 3075
1790337707 3132
1790337712 3133
1790337717 2931
1790337722 2934
1790337727 2777
1790337732 2785
1790337737 2785
1790337742 2786
1790337747 2789
1790337752 2789
1790337757 2789
1790337762 2790
1790337768 2788
1790337773 2788
1790337778 2788
1790337783 2788
1790337788 2788
1790337793 2789
1790337798 2789
1790337803 2789
1790337808 2789
1790337813 2791
1790337818 2791
1790337823 2790
1790337828 2790
1790337833 2769
1790337838 2769
1790337843 2769
1790337848 2767
1790337853 2766
1790337858 2766
1790337863 2765
1790337868 2765
1790337873 2766
1790337878 2766
1790337883 2765
1790337888 2765
1790337893 2765
1790337898 2765
1790337903 2765
1790337908 2765
1790337914 2765
1790337919 2765
1790337924 2765
1790337929 2765
1790337934 2766
1790337939 2766
1790337944 2767
1790337949 2767
1790337954 2766
1790337959 2766
1790337964 2765
1790337969 2765
1790337974 2765
1790337979 2765
1790337984 2765
1790337989 2765
1790337994 2767
1790337999 2767
1790338004 2767
1790338009 2767
1790338014 2767
1790338019 2767
1790338024 2768
1790338029 2768
1790338034 2767
1790338039 2767
1790338044 2766
1790338049 2766
1790338054 2766
1790338059 2766
1790338064 2765
1790338070 2765
1790338075 2766
1790338080 2766
1790338085 2766
1790338090 2766
1790338095 2764
1790338100 2764
1790338105 2765
1790338110 2765
1790338115 2765
1790338120 2765
1790338125 2766
1790338130 2766
1790338135 2769
1790338140 2769
1790338145 2769
1790338150 2769
1790338155 2765
1790338160 2765
1790338165 2769
1790338170 2769
1790338175 2769
1790338180 2769
1790338185 2766
1790338190 2766
1790338195 2775
1790338200 2775
1790338205 2773
1790338210 2773
1790338215 2764
1790338220 2764
1790338225 2768
1790338231 2768
1790338236 2769
1790338241 2769
1790338246 2763
1790338251 2763
1790338256 2763
1790338261 2763
1790338266 2763
1790338271 2763
1790338276 2762
1790338281 2762
1790338286 2762
1790338291 2762
1790338296 2762
1790338301 2762
1790338306 2767
1790338311 2767
1790338316 2767
1790338321 2767
1790338326 2766
1790338331 2766
1790338336 2766
1790338341 2766
1790338346 2802
1790338351 3243
1790338356 3354
1790338361 3514
1790338366 3639
1790338371 3639
1790338376 3600
1790338381 3600
1790338386 3622
1790338391 3622
1790338397 3724
1790338402 3724
1790338407 3715
1790338412 3715
1790338417 3698
1790338422 3698
1790338427 3714
1790338432 3714
1790338437 3752
1790338442 3752
1790338447 3739
1790338452 3739
1790338457 3702
1790338462 3705
1790338467 3733
1790338472 3734
1790338477 3767
1790338482 3767
1790338487 3774
1790338492 3775
1790338497 3818
1790338502 3818
1790338507 3814
1790338512 3814
1790338517 3830
1790338522 3830
1790338527 3812
1790338532 3813
1790338537 3823
1790338542 3823
1790338547 3821
1790338552 3821
1790338557 3815
1790338562 3815
1790338568 3815
1790338573 3815
1790338578 3817
1790338583 3817
1790338588 3842
1790338593 3842
1790338598 3820
1790338603 3828
1790338608 3834
1790338613 3837
1790338618 3886
1790338623 3886
1790338628 3897
1790338633 3898
1790338638 3875
1790338643 3876
1790338648 3875
1790338653 3876
1790338658 3882
1790338663 3882
1790338668 3903
1790338673 3953
1790338678 3996
1790338683 3997
1790338688 4045
1790338693 4045
1790338698 4109
1790338703 4109
1790338708 4143
1790338713 4143
1790338718 4136
1790338723 4136
1790338728 4106
1790338733 4110
1790338738 4131
1790338743 4132
1790338749 4138
1790338754 4139
1790338759 4138
1790338764 4139
1790338769 4149
1790338774 4150
1790338779 4136
1790338784 4137
1790338789 4133
1790338794 4134
1790338799 4149
1790338804 4149
1790338809 4116
1790338814 4123
1790338819 4129
1790338824 4130
1790338829 4122
1790338834 4124
1790338839 4118
1790338844 4123
1790338849 4137
1790338854 4123
1790338859 4124
1790338864 4134
1790338869 4132
1790338874 4133
1790338879 4201
1790338884 4201
1790338889 4202
1790338894 4202
1790338899 4186
1790338904 4182
1790338909 4182
1790338914 4179
1790338919 4179
1790338924 4167
1790338929 4168
1790338935 4181
1790338940 4182
1790338945 4160
1790338950 4160
1790338955 4123
